0 FILE main.ldr
0 Name: main.ldr
0 Author: Philippe Hurbain [Philo]
0 !LICENSE Redistributable under CCAL version 2.0 : see CAreadme.txt

1 16 138.5578 -226 -47.9876 1 0 0 0 1 0 0 0 1 bodyhex1.ldr
1 16 -27.7194 -226 144.0126 -0.5 0 -0.866 0 1 0 0.866 0 -0.5 bodyhex1.ldr
1 16 -110.858 -226 -95.9878 -0.5 0 0.866 0 1 0 -0.866 0 -0.5 bodyhex1.ldr
0 STEP
1 16 110.8448 -242 96.0124 1 0 0 0 1 0 0 0 1 bodyhex2.ldr
1 16 -138.5705 -242 48.0124 -0.5 0 -0.866 0 1 0 0.866 0 -0.5 bodyhex2.ldr
1 16 27.7062 -242 -143.9876 -0.5 0 0.866 0 1 0 -0.866 0 -0.5 bodyhex2.ldr
1 40 -0.0094 -274 0.0124 0.866 0 0.5 0 1 0 -0.5 0 0.866 tribeam.ldr
0 STEP
1 151 -27.7139 -386 144.003 -0.5 0 0.866 0 1 0 -0.866 0 -0.5 tophexring.ldr
0 STEP
1 151 -154.8464 -319.255 -252.166 0.0624 -0.4961 0.866 -0.9922 -0.1248 0 0.108 -0.8592 -0.5 228-2500-087.dat
1 151 -140.9566 -319.2566 260.1757 0.0129 -0.4998 -0.866 -0.9997 -0.0259 0 -0.0224 0.8657 -0.5 228-2500-087.dat
1 16 138.5559 -418 0.0061 0 0 -1 0 1 0 1 0 0 leg1.ldr
1 16 -69.2832 -418 119.9899 -0.866 0 0.5 0 1 0 -0.5 0 -0.866 leg1.ldr
1 16 -69.2727 -418 -119.996 0.866 0 0.5 0 1 0 -0.5 0 0.866 leg1.ldr
1 151 295.7986 -319.2617 -8.0057 -0.0521 0.9986 0 -0.9987 -0.0522 0 0 0 1 228-2500-087.dat
0 STEP
1 40 -295.8217 -367.255 0.012 0 0 1 0 1 0 -1 0 0 leg2.ldr
1 40 147.9212 -367.255 256.1831 -0.866 0 -0.5 0 1 0 0.5 0 -0.866 leg2.ldr
1 40 147.9005 -367.255 -256.1951 0.866 0 -0.5 0 1 0 0.5 0 0.866 leg2.ldr
0 STEP
1 0 -138.5681 -450 -79.9863 1 0 0 0 0 -1 0 1 0 228-2500-067.dat
1 0 -0.0045 -450 -159.9893 1 0 0 0 0 -1 0 1 0 228-2500-067.dat
1 0 138.5555 -450 -79.9963 1 0 0 0 0 -1 0 1 0 228-2500-067.dat
1 0 138.5561 -450 80.0026 1 0 0 0 0 -1 0 1 0 228-2500-067.dat
1 0 0.0022 -450 159.9991 1 0 0 0 0 -1 0 1 0 228-2500-067.dat
1 0 -138.562 -450 80.0032 1 0 0 0 0 -1 0 1 0 228-2500-067.dat
0 STEP
1 151 0 -498 0 0 0 1 0 -1 0 1 0 0 head.ldr
0 STEP
1 0 -1.1842 -235.4036 0 1 0 0 0 1 0 0 0 1 228-2500-117.dat
1 72 -1.1841 -235.4036 7.9998 1 -0.0094 0 0.0094 1 0 0 0 1 228-2500-232.dat
1 72 -1.1845 -235.4036 -23.9994 1 0.0039 0 -0.0039 1 0 0 0.0001 1 228-2500-232.dat
0 FILE bodyhex1.ldr
0 Name: bodyhex1.ldr
1 151 0 0 0 0 -1 0 0 0 -1 1 0 0 228-2500-060.dat
1 151 0 0 32 0 -1 0 0 0 -1 1 0 0 228-2500-060.dat
1 151 0 0 64 0 -1 0 0 0 -1 1 0 0 228-2500-060.dat
1 151 0 0 96 0 -1 0 0 0 -1 1 0 0 228-2500-060.dat
1 40 0 0 48 1 0 0 0 1 0 0 0 1 228-2500-003-v2.dat
1 40 0 0 128 -1 0 0 0 -1 0 0 0 1 228-2500-149.dat
1 40 0 -16 -32 -1 0 0 0 1 0 0 0 -1 228-2500-149.dat
0 FILE bodyhex2.ldr
0 Name: bodyhex2.ldr
1 151 0 0 0 -0.866 -0.5 0 0 0 -1 0.5 -0.866 0 228-2500-060.dat
1 40 -41.5692 0 24 0.5 0 0.866 0 -1 0 0.866 0 -0.5 228-2500-005-v2.dat
1 151 -27.7128 0 16 -0.866 -0.5 0 0 0 -1 0.5 -0.866 0 228-2500-060.dat
1 151 -55.4256 0 32 -0.866 -0.5 0 0 0 -1 0.5 -0.866 0 228-2500-060.dat
1 151 -83.1384 0 48 -0.866 -0.5 0 0 0 -1 0.5 -0.866 0 228-2500-060.dat
1 0 27.7128 -80 -16 -0.866 -0.5 0 0 0 -1 0.5 -0.866 0 228-2500-070.dat
1 0 -110.8513 -80 64 -0.866 -0.5 0 0 0 -1 0.5 -0.866 0 228-2500-070.dat
0 FILE tribeam.ldr
0 Name: tribeam.ldr
1 40 0 0 0 1 0 0 0 1 0 0 0 1 228-2500-305.dat
1 0 0.0001 -48 26.564 0 -1 0 0 0 -1 1 0 0 228-2500-067.dat
1 0 -23.0051 -48 -13.282 0 -1 0 0 0 -1 1 0 0 228-2500-067.dat
1 0 23.005 -48 -13.282 0 -1 0 0 0 -1 1 0 0 228-2500-067.dat
1 40 -0.0003 -96 0.0001 0.5 0 -0.866 0 1 0 0.866 0 0.5 228-2500-304.dat
0 STEP
1 151 8 0 -58.564 0 0 1 0 1 0 -1 0 0 228-2500-061.dat
1 151 8 0 -90.564 0 0 1 0 1 0 -1 0 0 228-2500-061.dat
1 40 -24 0 -138.564 0 1 0 -1 0 0 0 0 1 228-2500-005-v2.dat
1 40 8 0 -138.564 0 1 0 -1 0 0 0 0 1 228-2500-005-v2.dat
1 151 8 0 -218.564 0 0 1 0 1 0 -1 0 0 228-2500-061.dat
1 151 8 0 -186.564 0 0 1 0 1 0 -1 0 0 228-2500-061.dat
1 40 8 0 -250.564 0 -1 0 -1 0 0 0 0 -1 228-2500-148.dat
1 40 -220.9954 0 118.3534 0 0.5 -0.866 -1 0 0 0 0.866 0.5 228-2500-148.dat
1 151 -54.7183 0 22.3538 -0.866 0 -0.5 0 1 0 0.5 0 -0.866 228-2500-061.dat
1 151 -82.4311 0 38.3538 -0.866 0 -0.5 0 1 0 0.5 0 -0.866 228-2500-061.dat
1 40 -124.0004 0 62.3537 0 -0.5 0.866 -1 0 0 0 -0.866 -0.5 228-2500-005-v2.dat
1 40 -108.0005 0 90.0665 0 -0.5 0.866 -1 0 0 0 -0.866 -0.5 228-2500-005-v2.dat
1 151 -165.5697 0 86.3536 -0.866 0 -0.5 0 1 0 0.5 0 -0.866 228-2500-061.dat
1 151 -193.2825 0 102.3535 -0.866 0 -0.5 0 1 0 0.5 0 -0.866 228-2500-061.dat
1 40 212.9954 0 132.2099 0 0.5 0.866 -1 0 0 0 -0.866 0.5 228-2500-148.dat
1 151 46.7183 0 36.2103 0.866 0 -0.5 0 1 0 0.5 0 0.866 228-2500-061.dat
1 151 74.4311 0 52.2102 0.866 0 -0.5 0 1 0 0.5 0 0.866 228-2500-061.dat
1 40 116.0004 0 76.2101 0 -0.5 -0.866 -1 0 0 0 0.866 -0.5 228-2500-005-v2.dat
1 40 132.0004 0 48.4973 0 -0.5 -0.866 -1 0 0 0 0.866 -0.5 228-2500-005-v2.dat
1 151 157.5697 0 100.21 0.866 0 -0.5 0 1 0 0.5 0 0.866 228-2500-061.dat
1 151 185.2825 0 116.21 0.866 0 -0.5 0 1 0 0.5 0 0.866 228-2500-061.dat
0 FILE bodyhex3.ldr
0 Name: bodyhex3.ldr
1 151 0 0 0 -0.866 -0.5 0 0 0 -1 0.5 -0.866 0 228-2500-060.dat
1 40 -41.5692 0 24 0.5 0 0.866 0 -1 0 0.866 0 -0.5 228-2500-005-v2.dat
1 151 -41.5692 -16 24 -0.866 -0.5 0 0 0 -1 0.5 -0.866 0 228-2500-060.dat
1 151 -83.1384 0 48 -0.866 -0.5 0 0 0 -1 0.5 -0.866 0 228-2500-060.dat
1 0 -41.5692 -32 24 0.5 -0.866 0 0 0 -1 0.866 0.5 0 228-2500-170.dat
1 0 -41.5692 -56 24 0.5 -0.866 0 0 0 -1 0.866 0.5 0 228-2500-064.dat
0 FILE tophexring.ldr
0 Name: tophexring.ldr
1 16 83.1409 -16 -47.9971 -0.5 0 -0.866 0 -1 0 -0.8659 0 0.5 bodyhex1.ldr
1 16 -27.7125 -16 144.0002 -0.5 0 -0.866 0 1 0 0.866 0 -0.5 bodyhex3.ldr
1 16 0.0002 -16 191.9975 -0.5 0 0.866 0 -1 0 0.8659 0 0.5 bodyhex1.ldr
1 16 138.5642 -16 -47.9998 -0.5 0 0.866 0 1 0 -0.866 0 -0.5 bodyhex3.ldr
1 16 249.4158 -16 144.0002 1 0 0 0 -1 0 0 0 -1 bodyhex1.ldr
1 16 221.7028 -16 192.0002 1 0 0 0 1 0 0 0 1 bodyhex3.ldr
0 STEP
1 151 166.2708 -15.9999 224.0029 0.5 0.866 0 0 0 -1 -0.866 0.5 0 228-2500-090.dat
1 151 193.9896 -15.9999 208.0002 0.5 0.866 0 0 0 -1 -0.866 0.5 0 228-2500-090.dat
1 151 193.9888 -16.0001 -16.0016 -0.866 0.5 0 0 0 -1 -0.5 -0.866 0 228-2500-090.dat
1 151 166.2755 -16.0001 -32.0025 -0.866 0.5 0 0 0 -1 -0.5 -0.866 0 228-2500-090.dat
1 151 -27.7119 -16.0001 80.002 -0.866 0.5 0 0 0 -1 -0.5 -0.866 0 228-2500-090.dat
1 151 -27.7132 -16.0001 112.0029 -0.866 0.5 0 0 0 -1 -0.5 -0.866 0 228-2500-090.dat
0 FILE leg1.ldr
0 Name: leg1.ldr
1 151 0 0 0 0 -1 0 0 0 -1 1 0 0 228-2500-060.dat
1 0 0 -32 0 0 -1 0 0 0 -1 1 0 0 228-2500-171.dat
1 151 0 -64 0 0 -1 0 0 0 -1 1 0 0 228-2500-060.dat
0 STEP
1 151 8 -32 0 0 0 1 0.0918 -0.9958 0 0.9958 0.0918 0 228-2500-061.dat
1 40 -7.9986 -36.4021 -47.807 0 -0.9999 0 0.9961 0 0.0917 -0.0918 0 0.996 228-2500-003-v2.dat
1 40 23.9986 -36.4021 -47.807 0 -0.9999 0 0.9961 0 0.0917 -0.0918 0 0.996 228-2500-003-v2.dat
1 151 8 -37.8694 -63.7428 0 0 0.9999 0.0917 -0.9961 0 0.996 0.0918 0 228-2500-061.dat
1 151 8 -40.8042 -95.6141 0 0 0.9999 0.0917 -0.9961 0 0.996 0.0918 0 228-2500-061.dat
1 40 8 -43.739 -127.4856 0 -0.9999 0 -0.9961 0 -0.0917 0.0918 0 -0.996 228-2500-148.dat
1 151 -7.9986 -92.9662 -168.4073 0 0 0.9999 -0.9961 -0.0917 0 0.0918 -0.996 0 228-2500-087.dat
0 STEP
1 57 -0.011 -77.9229 -151.4915 0.9997 0 0 0 0.9985 -0.0581 0 0.0581 0.9977 228-2500-306.dat
0 FILE leg2.ldr
0 Name: leg2.ldr
1 151 0 109.255 157.254 0 -1 0 0 0 -1 1 0 0 228-2500-060.dat
1 0 0 77.255 157.254 0 -1 0 0 0 -1 1 0 0 228-2500-172.dat
0 STEP
1 151 8 77.255 157.254 0 0 1 0.1545 -0.988 0 0.988 0.1545 0 228-2500-061.dat
1 40 -7.9993 69.8374 109.8302 0 -1 0 0.9881 0 0.1545 -0.1545 0 0.9881 228-2500-003-v2.dat
1 40 23.9993 69.8374 109.8302 0 -1 0 0.9881 0 0.1545 -0.1545 0 0.9881 228-2500-003-v2.dat
1 151 8 67.3647 94.0223 0 0 1 0.1545 -0.9881 0 0.9881 0.1545 0 228-2500-061.dat
1 151 8 62.4196 62.4064 0 0 1 0.1545 -0.9881 0 0.9881 0.1545 0 228-2500-061.dat
1 40 8 57.4746 30.7906 0 -1 0 -0.9881 0 -0.1545 0.1545 0 -0.9881 228-2500-148.dat
1 151 -8 5.7686 -6.9299 0 0 1 -0.9881 -0.1545 0 0.1545 -0.9881 0 228-2500-087.dat
0 STEP
1 57 -0.0017 -179.4186 43.8591 1.0001 0 0 0 0.9645 0.2645 0 -0.2645 0.9647 228-2500-306.dat
0 STEP
1 151 -7.999 -176.6733 46.5991 0 0 1 -0.8775 -0.4797 0 0.4797 -0.8775 0 228-2500-087.dat
1 40 8.001 -116.1624 67.4333 0 -1 0 -0.8988 0 -0.4384 0.4384 0 -0.8988 228-2500-148.dat
1 151 8.001 -102.1354 96.1945 0 0 1 0.4384 -0.8988 0 0.8988 0.4384 0 228-2500-061.dat
1 151 8.001 -88.1082 124.9556 0 0 1 0.4384 -0.8988 0 0.8988 0.4384 0 228-2500-061.dat
1 40 24.0008 -67.0677 168.0972 0 -1 0 0.8988 0 0.4384 -0.4384 0 0.8988 228-2500-005-v2.dat
1 40 -7.9988 -67.0677 168.0972 0 -1 0 0.8988 0 0.4384 -0.4384 0 0.8988 228-2500-005-v2.dat
1 151 8.001 -32 240 0 0 1 0.4384 -0.8988 0 0.8988 0.4384 0 228-2500-061.dat
0 STEP
1 0 0.001 -34.745 237.261 0 -1 0 0 0 -1 1 0 0 228-2500-172.dat
1 151 0.001 -2.745 237.261 0 -1 0 0 0 -1 1 0 0 228-2500-060.dat
0 FILE head.ldr
0 Name: head.ldr
1 40 0 0 0 1 0 0 0 1 0 0 0 1 228-2500-196.dat
1 40 0 16 0 1 0 0 0 -1 0 0 0 -1 228-2500-196.dat
1 40 0 16 0 1 0 0 0 -1 0 0 0 -1 228-2500-197.dat
0 STEP
1 151 -48.0003 0 -138.5644 1 0 0 0 0 1 0 -1 0 228-2500-061.dat
1 151 47.9997 0 -138.5648 1 0 0 0 0 1 0 -1 0 228-2500-061.dat
1 40 -0.0003 -16 -138.5648 0 0 1 0 1 0 -1 0 0 228-2500-005-v2.dat
1 151 -144.0003 0 27.7134 -0.5 -0.866 0 0 0 1 -0.866 0.5 0 228-2500-061.dat
1 40 -120.0003 -16 69.2826 -0.866 0 -0.5 0 1 0 0.5 0 -0.866 228-2500-005-v2.dat
1 151 -95.9999 0 110.8516 -0.5 -0.866 0 0 0 1 -0.866 0.5 0 228-2500-061.dat
1 151 96 0 110.851 -0.5 0.866 0 0 0 1 0.866 0.5 0 228-2500-061.dat
1 40 120 -16 69.2818 0.866 0 -0.5 0 1 0 0.5 0 0.866 228-2500-005-v2.dat
1 151 143.9996 0 27.7123 -0.5 0.866 0 0 0 1 0.866 0.5 0 228-2500-061.dat
0 STEP
1 151 144.0003 0 -27.7134 -0.866 0.5 0 0 0 1 0.5 0.866 0 228-2500-060.dat
1 40 120.0003 -16 -69.2826 -0.866 0 -0.5 0 1 0 0.5 0 -0.866 228-2500-003-v2.dat
1 151 96.0003 0 -110.8518 -0.866 0.5 0 0 0 1 0.5 0.866 0 228-2500-060.dat
1 151 -96 0 -110.851 0.866 0.5 0 0 0 1 0.5 -0.866 0 228-2500-060.dat
1 40 -120 -16 -69.2818 0.866 0 -0.5 0 1 0 0.5 0 0.866 228-2500-003-v2.dat
1 151 -144 0 -27.7126 0.866 0.5 0 0 0 1 0.5 -0.866 0 228-2500-060.dat
1 151 -48.0003 0 138.5644 0 -1 0 0 0 1 -1 0 0 228-2500-060.dat
1 40 -0.0003 -16 138.5644 0 0 1 0 1 0 -1 0 0 228-2500-003-v2.dat
1 151 47.9997 0 138.5644 0 -1 0 0 0 1 -1 0 0 228-2500-060.dat
0 STEP
1 151 48 0 83.1384 0 -1 0 0 0 1 -1 0 0 228-2500-060.dat
1 151 96 0 0 0 -1 0 0 0 1 -1 0 0 228-2500-060.dat
1 151 48 0 -83.1384 0 -1 0 0 0 1 -1 0 0 228-2500-060.dat
1 151 -48 0 -83.1384 0 -1 0 0 0 1 -1 0 0 228-2500-060.dat
1 151 -96 -5.8 0 0 -1 0 0 0 1 -1 0 0 228-2500-060.dat
1 151 -48 0 83.1384 0 -1 0 0 0 1 -1 0 0 228-2500-060.dat
1 72 0 -16 0 0 -1 0 0 0 1 -1 0 0 228-2500-229.dat
0 STEP
1 40 119.9996 -32 69.2816 -0.866 0 0.5 0 1 0 -0.5 0 -0.866 228-2500-003-v2.dat
1 151 111.9996 -16 83.138 -0.866 -0.5 0 0 0 -1 0.5 -0.866 0 228-2500-090.dat
1 151 127.9996 -16 55.4252 -0.866 -0.5 0 0 0 -1 0.5 -0.866 0 228-2500-090.dat
1 151 15.9997 -16 -138.5648 0.866 -0.5 0 0 0 -1 0.5 0.866 0 228-2500-090.dat
1 151 -16.0003 -16 -138.5648 0.866 -0.5 0 0 0 -1 0.5 0.866 0 228-2500-090.dat
1 40 -0.0003 -32 -138.5648 0 0 -1 0 1 0 1 0 0 228-2500-003-v2.dat
1 151 -128.0003 -16 55.4262 0 1 0 0 0 -1 -1 0 0 228-2500-090.dat
1 151 -112.0003 -16 83.139 0 1 0 0 0 -1 -1 0 0 228-2500-090.dat
1 40 -120.0003 -32 69.2826 0.866 0 0.5 0 1 0 -0.5 0 0.866 228-2500-003-v2.dat
0 STEP
1 151 32 16 48 0 1 0 0 0 -1 -1 0 0 228-2500-060.dat
1 151 48 16 32 0 1 0 0 0 -1 -1 0 0 228-2500-060.dat
1 151 32 16 16 0 1 0 0 0 -1 -1 0 0 228-2500-060.dat
1 151 32 16 -16 0 1 0 0 0 -1 -1 0 0 228-2500-060.dat
1 151 48 16 -32 0 1 0 0 0 -1 -1 0 0 228-2500-060.dat
1 151 32 16 -48 0 1 0 0 0 -1 -1 0 0 228-2500-060.dat
1 40 0 32 0 0 0 -1 0 -1 0 -1 0 0 228-2500-198.dat
1 151 48 32 -138.564 0 1 0 0 0 -1 -1 0 0 228-2500-060.dat
1 151 128 32 55.426 0 1 0 0 0 -1 -1 0 0 228-2500-060.dat
0 STEP
1 151 -32 16 48 0 1 0 0 0 -1 -1 0 0 228-2500-060.dat
1 151 -32 16 -48 0 1 0 0 0 -1 -1 0 0 228-2500-060.dat
1 40 0 16 0 0 0 1 0 1 0 -1 0 0 228-2500-198.dat
1 151 -32 32 16 0 1 0 0 0 1 1 0 0 228-2500-061.dat
1 151 -64 32 16 0 1 0 0 0 1 1 0 0 228-2500-061.dat
1 151 -32 32 -16 0 1 0 0 0 1 1 0 0 228-2500-061.dat
1 151 -64 32 -16 0 1 0 0 0 1 1 0 0 228-2500-061.dat
1 151 -48 32 -138.564 0 1 0 0 0 -1 -1 0 0 228-2500-060.dat
1 151 -128 32 55.426 0 1 0 0 0 -1 -1 0 0 228-2500-060.dat
0 STEP
1 40 -48 32 0 0 0 -1 0 1 0 1 0 0 406-3388-901.dat
1 151 -48 32 0 0 1 0 0 0 1 1 0 0 228-2500-092.dat
1 72 -48 -16 0 0 -1 0 0 0 1 -1 0 0 228-2500-213.dat
0 STEP
1 40 48 128 0 1 0 0 0 -1 0 0 0 -1 vertmotor.ldr
1 40 144 128 64 0 1 0 1 0 0 0 0 -1 406-3388-902.dat
1 71 80 96 112 0 1 0 0 0 -1 -1 0 0 vexhconin.dat
1 0 80 96 80 0 1 0 0 0 -1 -1 0 0 vexhconout.dat
1 0 80 96 48 0 1 0 0 0 -1 -1 0 0 vexhconout.dat
1 0 64 96 48 0 1 0 0 0 -1 -1 0 0 vexhconout.dat
0 STEP
1 57 -0.0003 32 0.0002 -0.5 0 -0.866 0 -1 0 -0.866 0 0.5 228-2500-307.dat
1 57 0.0003 32 0.0006 -0.5 0 0.866 0 -1 0 0.866 0 0.5 228-2500-307.dat
1 151 128 208 55.4257 -1 0 0 0 0 1 0 1 0 228-2500-060.dat
1 151 144.0001 208 27.7123 -1 0 0 0 0 1 0 1 0 228-2500-060.dat
1 151 -128 208 55.426 -1 0 0 0 0 1 0 1 0 228-2500-060.dat
1 151 -144.0001 208 27.7126 -1 0 0 0 0 1 0 1 0 228-2500-060.dat
1 151 -48.0005 208 -138.5635 -1 0 0 0 0 1 0 1 0 228-2500-060.dat
1 151 -143.9996 208 -27.7122 -1 0 0 0 0 1 0 1 0 228-2500-060.dat
1 151 143.9996 208 -27.7125 -1 0 0 0 0 1 0 1 0 228-2500-060.dat
1 151 48.0005 208 -138.5638 -1 0 0 0 0 1 0 1 0 228-2500-060.dat
0 STEP
1 57 0.0005 208 0.0002 -1 0 0 0 -1 0 0 0 1 228-2500-308.dat
1 57 -0.0001 208 -0.0004 1 0 0 0 -1 0 0 0 -1 228-2500-309.dat
0 STEP
1 151 -8 -102.5964 -1.1842 0 0 1 0 -1 0 1 0 0 228-2500-087.dat
1 151 -8 -70.5964 -1.1842 0 0 1 0 -1 0 1 0 0 228-2500-087.dat
1 40 8 -166.5964 -1.1842 0 -1 0 0 0 -1 1 0 0 228-2500-153.dat
0 FILE vertmotor.ldr
0 Name: vertmotor.ldr
1 40 0 0 0 0 -1 0 1 0 0 0 0 1 228-2500-043.dat
1 151 -16 32 -64 0 0 1 -0.0349 0.9994 0 -0.9994 -0.0349 0 228-2500-084.dat
1 151 -16 32 0 0 0 1 0 1 0 -1 0 0 228-2500-084.dat
1 151 -16 32 64 0 0 1 -0.0349 0.9994 0 -0.9994 -0.0349 0 228-2500-084.dat
1 151 0 16 48 0 0 1 0 1 0 -1 0 0 228-2500-060.dat
1 151 0 16 80 0 0 1 0 1 0 -1 0 0 228-2500-060.dat
1 151 0 -48 80 0 0 1 0 1 0 -1 0 0 228-2500-060.dat
1 151 0 -48 48 0 0 1 0 1 0 -1 0 0 228-2500-060.dat
0 STEP
1 151 0 48 -112 0 0 1 0 1 0 -1 0 0 228-2500-060.dat
1 151 0 48 -80 0 0 1 0 1 0 -1 0 0 228-2500-060.dat
1 151 0 48 -16 0 0 1 0 1 0 -1 0 0 228-2500-060.dat
1 151 0 48 16 0 0 -1 0 -1 0 -1 0 0 228-2500-061.dat
1 0 16 96 -96 0 0 -1 0 1 0 1 0 0 228-2500-134-v2.dat
1 0 16 96 0 0 0 -1 0 1 0 1 0 0 228-2500-134-v2.dat
1 151 0 -48 16 0 0 -1 0 -1 0 -1 0 0 228-2500-061.dat
1 151 0 -48 -80 0 0 1 0 1 0 -1 0 0 228-2500-060.dat
1 40 16 -48 -64 0 -1 0 1 0 0 0 0 1 228-2500-005-v2.dat
1 151 16 -48 -144 0 0 1 0 1 0 -1 0 0 228-2500-060.dat
0 STEP
1 151 0 -32 64 0 0 1 0 1 0 -1 0 0 228-2500-091.dat
1 40 0 -32 64 0 1 0 0 0 1 1 0 0 406-3388-901.dat
0 STEP
1 72 -16 -32 64 0 0 -1 0 1 0 1 0 0 228-2500-213.dat
1 72 -16 32 64 0 0 -1 -0.6691 -0.7431 0 -0.7431 0.6691 0 228-2500-214.dat
1 72 -16 32 -64 0 0 -1 0.6691 0.7431 0 0.7431 -0.6691 0 228-2500-214.dat
1 72 -16 32 0 0 0 -1 0 1 0 1 0 0 228-2500-213.dat
0 STEP
1 0 -32 54.5964 65.1842 0 0 -1 0.6691 0.7431 0 0.7431 -0.6691 0 228-2500-063.dat
1 0 -32 54.5964 -62.8158 0 0 -1 0.6691 0.7431 0 0.7431 -0.6691 0 228-2500-063.dat
1 40 -56 54.5964 1.1842 0 1 0 0 0 -1 -1 0 0 228-2500-152.dat
1 0 -48 -48 -112 0 0 -1 0 -1 0 -1 0 0 228-2500-067.dat
1 0 -48 -16 -112 0 0 -1 0 -1 0 -1 0 0 228-2500-067.dat
1 0 -48 -32 112 0 1 0 -1 0 0 0 0 1 228-2500-220-v2.dat
0 STEP
1 40 -80 16 112 0 -1 0 0 0 1 -1 0 0 228-2500-004.dat
1 40 -80 16 -112 0 -1 0 0 0 1 -1 0 0 228-2500-004.dat
1 151 -96 80 -112 0 0 1 0 1 0 -1 0 0 228-2500-060.dat
1 151 -96 80 112 0 0 1 0 1 0 -1 0 0 228-2500-060.dat
1 0 -80 32 112 0 -1 0 1 0 0 0 0 1 228-2500-135-v2.dat
1 0 -112 96 96 0 0 1 0 1 0 -1 0 0 228-2500-128-v2.dat
1 0 -112 96 -96 0 0 1 0 1 0 -1 0 0 228-2500-128-v2.dat
1 151 -32 -48 128 -1 0 0 0 1 0 0 0 -1 228-2500-060.dat
1 151 -64 -16 128 -1 0 0 0 1 0 0 0 -1 228-2500-060.dat
1 151 -48 16 128 -1 0 0 0 1 0 0 0 -1 228-2500-060.dat
1 151 -48 48 128 -1 0 0 0 1 0 0 0 -1 228-2500-060.dat
0 STEP
1 40 -48 32 144 -1 0 0 0 0 -1 0 -1 0 406-3388-915.dat
1 40 -48 -32 144 -1 0 0 0 0 -1 0 -1 0 406-3388-912.dat