[General]
CameraGlobe=0.0,0.0,2410914
HFOV=0.00999999977648258209228516
InstallPath=
InstallPath 4.1=
TransDefaultColor=1
[CustomColors]
[ExtraSearchDirs]
Dir001=C:\\Users\\Trevor\\LDraw\\MODELS
[PovExporter]
Ambient=0.400000005960464477539062
Antialias=40
BottomInclude=
ChromeBril=5
ChromeRefl=0.85000002384185791015625
ChromeRoughness=0.00999999977648258209228516
ChromeSpecular=0.800000011920928955078125
ConditionalEdges=0
CurveQuality=c
CustomAspectRatio=1.5
Diffuse=0.400000005960464477539062
EdgeRadius=0.150000005960464477539062
Edges=0
FileVersion=3.599999904632568359375
FindReplacements=0
Floor=0
FloorAxis=1
HideStuds=0
InlinePov=1
Phong=0.5
PhongSize=40
PrimitiveSubstitution=1
Quality=3
Refl=0.0799999982118606567382812
Reflections=1
RubberPhong=0.100000001490116119384766
RubberPhongSize=10
RubberRefl=0
SeamWidth=0.5
SelectedAspectRatio=-1
Shadows=1
SmoothCurves=1
TextureOffsetFactor=5
TopInclude=
TransFilter=0.800000011920928955078125
TransIoR=1.25
TransRefl=0.200000002980232238769531
UnmirrorStuds=1
XmlMap=1
XmlMapPath=C:\\Users\\Trevor\\LDraw\\lgeo
